24
Bip01_L_Calf 0 -1 0.238257 -0.968752 0.0689472 0 0.155422 -0.0320445 -0.987328 0 0.958685 0.245954 0.14293 0 -19.1171 19.3831 -14.8004 1
Bip01_L_Thigh 1 -1 0.0023708 -0.999459 0.0328114 0 0.155422 -0.0320445 -0.987328 0 0.987845 0.00744036 0.155262 0 -19.1551 35.4196 -15.3269 1
Bip01_Spine 2 -1 0.044155 0.997045 0.0628587 0 -0.354113 -0.0432146 0.934204 0 0.93416 -0.0635088 0.351158 0 -17.1997 39.0831 -17.9445 1
Bip01_Pelvis 3 -1 0.141735 0.986914 0.0768833 0 -0.43955 -0.00684568 0.898192 0 0.886965 -0.1611 0.432828 0 -17.7446 35.4416 -18.2092 1
Bip01 4 -1 -0.886964 0.1611 -0.43283 0 0.144781 0.986938 0.0706515 0 0.438558 0 -0.898703 0 -17.7446 35.4416 -18.2092 1
Bip01_Neck 5 2 0.117401 0.991431 0.0572906 0 -0.43856 3.57628e-007 0.898702 0 0.891 -0.130634 0.434802 0 -16.5662 53.303 -17.0462 1
Bip01_Head 6 5 0.0890862 0.990065 0.108784 0 -0.270084 -0.0811143 0.959414 0 0.958707 -0.114851 0.260175 0 -15.9545 58.4685 -16.7477 1
Bip01_HeadNub 7 6 0.0890862 0.990065 0.108784 0 -0.270084 -0.0811144 0.959414 0 0.958707 -0.114851 0.260175 0 -15.2827 65.9348 -15.9273 1
Bip01_L_Clavicle 8 5 -0.415957 -0.0930314 0.904613 0 0.0223404 0.993408 0.112436 0 -0.90911 0.0669778 -0.411137 0 -16.9676 53.255 -15.9987 1
Bip01_L_UpperArm 9 8 -0.397411 -0.91252 0.0968103 0 -0.624866 0.346366 0.699695 0 -0.672017 0.217573 -0.707852 0 -18.7029 52.8669 -12.2249 1
Bip01_L_Forearm 10 9 -0.705687 -0.633956 -0.316393 0 -0.624866 0.346366 0.699695 0 -0.333988 0.691469 -0.640564 0 -24.2663 40.0924 -10.8696 1
Bip01_L_Hand 11 10 -0.732521 -0.574271 -0.365548 0 0.287263 -0.747595 0.598817 0 -0.617165 0.333638 0.712596 0 -31.6299 33.4772 -14.1711 1
Bip01_R_Clavicle 12 5 0.38772 0.00278832 -0.921773 0 -0.0596797 -0.997821 -0.0281211 0 -0.919843 0.0659142 -0.386709 0 -16.1722 53.352 -18.0972 1
Bip01_R_UpperArm 13 12 -0.0106245 -0.946727 -0.321861 0 -0.209924 -0.312594 0.9264 0 -0.97766 0.0774089 -0.19542 0 -14.5547 53.3637 -21.9426 1
Bip01_R_Forearm 14 13 -0.708905 -0.603874 -0.364404 0 -0.209924 -0.312594 0.9264 0 -0.673339 0.733226 0.0948317 0 -14.7034 40.1103 -26.4484 1
Bip01_R_Hand 15 14 -0.740687 -0.563345 -0.366094 0 -0.636967 0.762116 0.115979 0 0.21367 0.319094 -0.923322 0 -22.1007 33.8091 -30.2508 1
Bip01_R_Thigh 16 2 0.063867 -0.997958 0.000839323 0 0.739972 0.0467921 -0.671008 0 0.669599 0.0434764 0.74145 0 -16.334 35.4636 -21.0915 1
Bip01_R_Calf 17 16 0.182014 -0.97429 0.13278 0 0.739972 0.0467921 -0.671008 0 0.647543 0.220386 0.729464 0 -15.3093 19.4511 -21.0781 1
Bip01_R_Foot 18 17 0.0738565 -0.997164 -0.0144582 0 0.737658 0.0643808 -0.672098 0 0.671123 0.0389736 0.740321 0 -12.3888 3.81846 -18.9476 1
Bip01_R_Toe0 19 18 -0.671123 -0.0389736 -0.740321 0 0.737658 0.0643809 -0.672098 0 0.0738566 -0.997164 -0.0144583 0 -15.3037 -0.0465713 -22.517 1
Bip01_R_Toe0Nub 20 19 -0.671123 -0.0389736 -0.740321 0 0.737658 0.0643809 -0.672098 0 0.0738566 -0.997164 -0.0144583 0 -15.6267 -0.0653315 -22.8734 1
Bip01_L_Foot 21 0 -0.0546368 -0.996421 0.0644925 0 0.16023 -0.0725013 -0.984414 0 0.985566 -0.0434515 0.163618 0 -15.2942 3.83929 -13.6941 1
Bip01_L_Toe0 22 21 -0.985566 0.0434515 -0.163618 0 0.16023 -0.0725011 -0.984414 0 -0.0546367 -0.996421 0.0644924 0 -20.1767 0.368471 -14.2332 1
Bip01_L_Toe0Nub 23 22 0.985566 -0.0434515 0.163618 0 0.16023 -0.0725011 -0.984413 0 0.0546367 0.996421 -0.0644925 0 -20.6511 0.389387 -14.312 1
