18
Bone02 0 -1 5.96045e-008 1 -7.91328e-007 0 1 5.96045e-008 5.04777e-008 0 5.04777e-008 -7.91328e-007 -1 0 9.16103e-009 29.794 0.209624 1
Bone01 1 -1 -1.05589e-007 0.999426 0.0338796 0 1 -1.05589e-007 1.50874e-007 0 1.50874e-007 0.0338796 -0.999426 0 -2.06245e-008 9.69149 -0.471832 1
Bone05 2 1 3.35276e-008 -0.954493 0.298232 0 1 1.28523e-007 3.12924e-007 0 -3.12924e-007 0.298232 0.954493 0 -2.34199e-007 6.625 0.891052 1
Bone06 3 2 -1.36904e-007 -0.97208 0.23465 0 1 -5.96046e-008 3.27826e-007 0 -3.27826e-007 0.23465 0.97208 0 -7.53823e-007 -9.27071 5.85768 1
Bone07 4 3 1.30385e-008 -0.971802 0.235796 0 1 9.12696e-008 3.12924e-007 0 -3.35276e-007 0.235796 0.971802 0 -1.47375e-006 -39.0887 13.0554 1
Bone08 5 4 1.30385e-008 -0.971802 0.235796 0 1 9.12696e-008 3.12924e-007 0 -3.35276e-007 0.235796 0.971802 0 -2.48911e-006 -78.1222 22.5264 1
Bone09 6 1 -2.42144e-008 -0.954534 -0.298103 0 1 7.45058e-008 -2.98023e-007 0 3.27826e-007 -0.298103 0.954534 0 -1.34482e-007 7.03734 -2.9214 1
Bone10 7 6 -1.62981e-008 -0.989665 -0.143396 0 1 1.81608e-008 -2.38419e-007 0 2.38419e-007 -0.143396 0.989665 0 6.37449e-007 -10.2764 -8.32851 1
Bone11 8 7 1.1595e-007 -0.989884 -0.141877 0 1 1.49943e-007 -2.30968e-007 0 2.45869e-007 -0.141877 0.989884 0 2.11983e-006 -40.1809 -12.6615 1
Bone12 9 8 1.14553e-007 -0.989884 -0.141877 0 1 1.48546e-007 -2.30968e-007 0 2.38419e-007 -0.141877 0.989884 0 4.00772e-006 -77.9865 -18.0801 1
Bone03 10 0 -1.81899e-008 0.999957 -0.00926836 0 1 -1.81899e-008 5.02914e-008 0 5.02914e-008 -0.00926836 -0.999957 0 6.31962e-008 50.9188 0.209612 1
Bone04 11 10 -1.81899e-008 0.999957 -0.00926836 0 1 -1.81899e-008 5.02914e-008 0 5.02914e-008 -0.00926836 -0.999957 0 1.31241e-007 73.408 0.00116525 1
Bone13 12 0 -8.9407e-008 -0.454301 -0.890848 0 1 -8.9407e-008 -5.96046e-008 0 -5.96046e-008 -0.890848 0.454301 0 3.91737e-007 47.1917 -6.48787 1
Bone14 13 12 -2.98023e-008 -0.454773 -0.890607 0 1 -8.9407e-008 0 0 -8.9407e-008 -0.890607 0.454773 0 -1.10053e-006 33.8313 -32.6867 1
Bone15 14 13 -2.98023e-008 -0.454773 -0.890607 0 1 -8.9407e-008 0 0 -8.9407e-008 -0.890607 0.454773 0 -2.48968e-006 21.0799 -57.6581 1
Bone16 15 0 0.000204921 -0.484843 0.874601 0 1 9.19998e-005 -0.000183374 0 8.40425e-006 0.874601 0.484843 0 -3.08298e-007 47.5819 7.40009 1
Bone17 16 15 0.000204891 -0.405208 0.914225 0 1 9.20296e-005 -0.000183314 0 -9.83477e-006 0.914225 0.405208 0 0.00621271 32.8891 33.9041 1
Bone18 17 16 0.000204951 -0.405208 0.914225 0 1 9.20296e-005 -0.000183374 0 -9.86457e-006 0.914225 0.405208 0 0.0119385 21.5693 59.4439 1
